=== Solver Log (Gurobi) ===
<Solver log file not found>

=== Objective ===
TotalCost = 743.878464

=== Variable Displays ===
assign [*,*]
:     1   2    :=
1     0   1
2     1   0
3     0   1
4     0   1
5     1   0
6     1   0
7     1   0
8     0   1
9     1   0
10    0   1
11    0   1
12    1   0
13    0   1
14    1   0
15    0   1
16    0   1
17    0   1
18    1   0
19    0   1
20    0   1
21    0   1
22    1   0
23    1   0
24    1   0
25    0   1
26    1   0
27    1   0
28    0   1
29    1   0
30    1   0
31    0   1
32    0   1
33    0   1
34    1   0
35    1   0
36    1   0
37    0   1
38    0   1
39    0   1
40    1   0
41    0   1
42    0   1
43    1   0
44    0   1
45    1   0
46    1   0
47    0   1
48    1   0
49    0   1
50    0   1
51    1   0
52    0   1
53    1   0
54    1   0
55    0   1
56    0   1
57    0   1
58    0   1
59    1   0
60    0   1
61    0   1
62    0   1
63    1   0
64    1   0
65    0   1
66    1   0
67    0   1
68    1   0
69    1   0
70    0   1
71    0   1
72    1   0
73    1   0
74    0   1
75    1   0
76    0   1
77    1   0
78    1   0
79    1   0
80    1   0
81    1   0
82    1   0
83    0   1
84    1   0
85    1   0
86    0   1
87    0   1
88    0   1
89    1   0
90    1   0
91    0   1
92    0   1
93    1   0
94    0   1
95    1   0
96    1   0
97    1   0
98    1   0
99    0   1
100   0   1
;

cluster_size [*] :=
1  51
2  51
;

mu_x [*] :=
1  22.9449
2  76.278
;

mu_y [*] :=
1  44.45
2  50.0149
;

stdev_x [*] :=
1  13.2107
2  16.3849
;

stdev_y [*] :=
1  26.595
2  27.6531
;

bar_c_x [*] :=
1  10.8558
2  14.1265
;

bar_c_y [*] :=
1  22.5388
2  23.2503
;

area_rect [*] :=
1  4524.41
2  5273.77
;

g_val [*] :=
1  359.111
2  384.767
;

